%YAML:1.0
---
rvec: [ -2.8396191162921736e-01, 6.4249518925886162e-01,
    6.7751413846840830e-02 ]
tvec: [ -7.6492771350654110e+00, -9.8281292185026004e+01,
    1.4373301787631970e+03 ]
rvec: [ -3.0126883268172711e-01, 2.8674788289758363e-01,
    1.1038717097734456e-02 ]
tvec: [ -2.1393763739415462e+02, -8.7127348133553014e+01,
    1.2365548348879440e+03 ]
rvec: [ -3.1065599274258487e-01, -2.6963215649628491e-01,
    -6.6537526603079836e-02 ]
tvec: [ -3.2983577613732365e+02, -8.2309351059104841e+01,
    9.4093463381347908e+02 ]
rvec: [ -3.0743131503201826e-01, -7.9271034199315402e-02,
    -4.2789150048164741e-02 ]
tvec: [ -1.4258220822687113e+02, -8.5763763742079803e+01,
    1.3249368741711030e+03 ]
rvec: [ -3.0467226460008168e-01, -2.6164780786198771e-01,
    -6.4359611579022410e-02 ]
tvec: [ -5.9756918150137068e+01, -8.9039779134852949e+01,
    1.1680047959321826e+03 ]
rvec: [ -3.0257075616449680e-01, -5.3093838387460890e-01,
    -1.0360983757643467e-01 ]
tvec: [ -4.1278957325413029e+02, -7.9444226930192613e+01,
    1.2208748151772802e+03 ]
rvec: [ -3.0127474144059613e-01, 1.5492234645380429e-01,
    -5.0569423046926184e-03 ]
tvec: [ -7.7424191965813051e+01, -9.1152104789984335e+01,
    1.4587527459673609e+03 ]
rvec: [ -2.9965521154986247e-01, 1.9526534322821698e-01,
    -4.7718018851610315e-05 ]
tvec: [ -3.7340613232672007e+02, -8.8959780662263597e+01,
    1.2664359405589653e+03 ]
rvec: [ -2.8230783488491312e-01, 2.7132606708221377e-02,
    -3.1797296175033359e-02 ]
tvec: [ -3.1602327709293741e+02, 7.1997246423605148e+01,
    1.2843010238230509e+03 ]
rvec: [ -4.2825504887342325e-02, -5.4807486854338949e-02,
    -4.0473744194713009e-02 ]
tvec: [ -4.2711339436235119e+02, -2.3443613941989088e+02,
    1.1879040679663917e+03 ]
rvec: [ -5.6232461718681334e-02, -3.0522093596931593e-01,
    -9.3674837044562864e-02 ]
tvec: [ -4.4813405713241491e+02, -2.2224783133182618e+02,
    1.1968698571427049e+03 ]
rvec: [ -3.0601050951400915e-01, -1.8707164406234031e-01,
    -4.7500503788738685e-01 ]
tvec: [ -2.2346306821885196e+02, 1.5156240701903087e+02,
    1.2873098701225019e+03 ]
rvec: [ -1.8807208623337102e-01, -4.6759989722476319e-01,
    2.8657219037490311e-01 ]
tvec: [ -3.3954135836249225e+02, -5.2669663833272921e+01,
    1.2155825370600394e+03 ]
rvec: [ -2.4504884386501702e-01, -2.0092403560653843e-01,
    3.5886610435659277e-01 ]
tvec: [ -4.1388734970639200e+02, -1.0204364545896732e+02,
    1.4023472555602370e+03 ]
rvec: [ -1.0828040117014502e-01, 7.5947855169853762e-01,
    -2.9630675527352535e-01 ]
tvec: [ -2.2133623188198700e+02, -3.4295780904685166e+01,
    1.6861124014977636e+03 ]
rvec: [ -7.7389803658250947e-02, 6.0439581966753642e-01,
    1.6818436742821102e-01 ]
tvec: [ -1.4502719468295561e+02, -4.2357814682545637e+02,
    1.3339519022321349e+03 ]
rvec: [ -9.7234846047526760e-02, 2.7885175767123227e-01,
    8.1155407608471619e-02 ]
tvec: [ -3.9398887707312656e+02, -1.8029541335718625e+02,
    1.2035705823424007e+03 ]
rvec: [ -9.4336764472678525e-02, 6.5487282261061741e-01,
    1.7854210348995553e-01 ]
tvec: [ -1.3882939611723631e+02, -2.4512024976331705e+02,
    1.5133675997243397e+03 ]
rvec: [ -5.6272964698104902e-02, 6.9793683377034055e-01,
    1.4816870533254972e-01 ]
tvec: [ -3.7165063456089591e+01, -2.3737570998713059e+02,
    1.3336322507975126e+03 ]
rvec: [ 3.1408819083588320e-03, 7.3997220457897783e-01,
    1.7935831465020582e-01 ]
tvec: [ 1.3292156017255937e+02, -1.7309607359138781e+02,
    1.4323985772092337e+03 ]
