%YAML:1.0
---
rvec: [ -2.8339718573637385e-01, 6.4269714605007933e-01,
    6.7730924491020653e-02 ]
tvec: [ -7.6517696686049206e+00, -9.8289549984234228e+01,
    1.4321590070739892e+03 ]
rvec: [ -3.0172401732567627e-01, 2.8685433997065307e-01,
    1.0967378570579360e-02 ]
tvec: [ -2.1394057087766731e+02, -8.7068047633924962e+01,
    1.2316231957404723e+03 ]
rvec: [ -3.0975326163708644e-01, -2.6827252082570235e-01,
    -6.6598123271120913e-02 ]
tvec: [ -3.2989757397237651e+02, -8.2213287787550769e+01,
    9.3706474249796509e+02 ]
rvec: [ -3.0735876413960606e-01, -7.9676170510673397e-02,
    -4.2756191684079188e-02 ]
tvec: [ -1.4258315291706160e+02, -8.5766421411723840e+01,
    1.3193641440655820e+03 ]
rvec: [ -3.0524502408816634e-01, -2.6212143579126035e-01,
    -6.4219292132845537e-02 ]
tvec: [ -5.9763917045343511e+01, -8.9045350535908042e+01,
    1.1628190618071494e+03 ]
rvec: [ -3.0134522127599017e-01, -5.3043439906669743e-01,
    -1.0359239532193550e-01 ]
tvec: [ -4.1285988348230967e+02, -7.9335805475046726e+01,
    1.2156534022997805e+03 ]
rvec: [ -3.0070138019216613e-01, 1.5430605664000585e-01,
    -5.0337794917960574e-03 ]
tvec: [ -7.7450924461359293e+01, -9.1172974012267744e+01,
    1.4529705280427474e+03 ]
rvec: [ -3.0110506884782767e-01, 1.9545778126012034e-01,
    -3.1446217423860537e-04 ]
tvec: [ -3.7334208513980496e+02, -8.8787657556233228e+01,
    1.2609576679124445e+03 ]
rvec: [ -2.8348429887509519e-01, 2.9253680988591456e-02,
    -3.2155881121896795e-02 ]
tvec: [ -3.1597643085835824e+02, 7.2122696771665645e+01,
    1.2784247364987341e+03 ]
rvec: [ -4.7031890617773790e-02, -5.5418974565436978e-02,
    -4.0981240809037901e-02 ]
tvec: [ -4.2715716079730009e+02, -2.3424382322065463e+02,
    1.1832504912183758e+03 ]
rvec: [ -5.6730195679966698e-02, -3.0230040720175794e-01,
    -9.3755804165422271e-02 ]
tvec: [ -4.4838861431302274e+02, -2.2214448269085773e+02,
    1.1925798328666581e+03 ]
rvec: [ -3.0426670738547357e-01, -1.8759056179068270e-01,
    -4.7496071644046878e-01 ]
tvec: [ -2.2344715890845640e+02, 1.5153237284716755e+02,
    1.2809835124556726e+03 ]
rvec: [ -1.8646937893570945e-01, -4.6904854918498812e-01,
    2.8685172216958288e-01 ]
tvec: [ -3.3927494912426005e+02, -5.2646430903606038e+01,
    1.2090883144184318e+03 ]
rvec: [ -2.4401183141695834e-01, -1.9789546712070080e-01,
    3.5877982067029751e-01 ]
tvec: [ -4.1393303596584821e+02, -1.0191059111827009e+02,
    1.3962851308337852e+03 ]
rvec: [ -1.0863708779286611e-01, 7.5933610689920739e-01,
    -2.9635535482675107e-01 ]
tvec: [ -2.2135296990595765e+02, -3.4237178480113144e+01,
    1.6796780970166417e+03 ]
rvec: [ -7.7362056638352869e-02, 6.0305313939101512e-01,
    1.6831198529594232e-01 ]
tvec: [ -1.4518576499515470e+02, -4.2375549705453648e+02,
    1.3303004547957644e+03 ]
rvec: [ -9.9125773693461872e-02, 2.7794932079889506e-01,
    8.0942203951461261e-02 ]
tvec: [ -3.9403585262660175e+02, -1.8012211405668549e+02,
    1.1987893864428352e+03 ]
rvec: [ -9.4256119111640155e-02, 6.5433589480601573e-01,
    1.7860774643719562e-01 ]
tvec: [ -1.3890614133693953e+02, -2.4514881212544543e+02,
    1.5081721187767932e+03 ]
rvec: [ -5.5582809048755094e-02, 6.9757724942821098e-01,
    1.4822616299531322e-01 ]
tvec: [ -3.7209921326648654e+01, -2.3744058479389184e+02,
    1.3292767490982962e+03 ]
rvec: [ 4.6868114709161567e-03, 7.4053278188716998e-01,
    1.7920951710097002e-01 ]
tvec: [ 1.3291870935157459e+02, -1.7309712013121788e+02,
    1.4272257903181269e+03 ]
